;Single acting cylinder;Single acting cylinder;Pressure at Rod end;Pressure at cap end
;PIston ;PIston ;Pressure at rod end ;Pressure at Cap end
t;x;v;p;p
[s];[mm];[m/s];[bar];[bar]
1.00;300.00000;0.00000;0.00000;0.00000
2.00;300.00000;0.00000;0.00000;0.00000
2.01;299.93392;-0.01619;0.99922;16.38653
2.02;299.59953;-0.04877;5.12629;27.38968
2.03;298.95822;-0.09073;14.92653;27.31483
2.04;297.96024;-0.09903;27.83653;20.33572
2.05;296.95715;-0.09807;37.89183;22.53449
2.06;296.00125;-0.09903;45.52477;33.12762
2.07;294.98829;-0.10522;49.58430;39.89164
2.08;293.88405;-0.11544;53.15640;37.87541
2.09;292.74102;-0.11219;56.72350;34.16012
2.10;291.65585;-0.10594;58.11487;35.34186
2.11;290.62458;-0.10145;58.93670;40.47706
2.12;289.57180;-0.10682;59.93894;42.25263
2.13;288.49099;-0.11076;61.37939;41.88145
2.14;287.38015;-0.10952;63.10356;39.63990
2.15;286.30915;-0.10579;63.68131;40.68638
2.16;285.25665;-0.10493;63.83420;42.70006
2.17;284.20491;-0.10706;63.99468;44.31560
2.18;283.11852;-0.10854;64.79207;43.24651
2.19;282.03433;-0.10827;65.43004;42.52438
2.20;280.95970;-0.10619;65.73073;42.70733
2.21;279.90046;-0.10608;65.69786;43.75492
2.22;278.83773;-0.10694;65.75099;44.39623
2.23;277.76226;-0.10814;66.06977;44.01217
2.24;276.68319;-0.10755;66.36996;43.55071
2.25;275.61149;-0.10683;66.48036;43.63317
2.26;274.54646;-0.10631;66.43177;44.16912
2.27;273.47869;-0.10697;66.46783;44.34561
2.28;272.40733;-0.10748;66.57215;44.27292
2.29;271.33182;-0.10739;66.73674;43.95992
2.30;270.26087;-0.10692;66.77196;44.01266
2.31;269.19273;-0.10675;66.74826;44.22413
2.32;268.12526;-0.10695;66.71857;44.43670
2.33;267.05334;-0.10721;66.78637;44.32176
2.34;265.98113;-0.10727;66.84895;44.21020
2.35;264.90946;-0.10701;66.88444;44.16585
2.36;263.84040;-0.10689;66.86269;44.28182
2.37;262.77133;-0.10696;66.84500;44.38042
2.38;261.70094;-0.10711;66.86152;44.37020
2.39;260.62919;-0.10717;66.89940;44.28721
2.40;259.55819;-0.10705;66.91547;44.26326
2.41;258.48804;-0.10697;66.90938;44.30033
2.42;257.41836;-0.10698;66.89822;44.34922
2.43;256.34820;-0.10707;66.89868;44.36319
2.44;255.27717;-0.10712;66.91738;44.32194
2.45;254.20630;-0.10707;66.92790;44.30043
2.46;253.13594;-0.10700;66.92582;44.31296
2.47;252.06596;-0.10700;66.91615;44.34631
2.48;250.99564;-0.10705;66.91694;44.34997
2.49;249.92507;-0.10709;66.92240;44.33981
2.50;248.85428;-0.10707;66.93119;44.31909
2.51;247.78385;-0.10703;66.93035;44.32354
2.52;246.71357;-0.10702;66.92642;44.33632
2.53;245.64334;-0.10704;66.92275;44.34856
2.54;244.57281;-0.10706;66.92626;44.34120
2.55;243.50224;-0.10706;66.92989;44.33292
2.56;242.43167;-0.10704;66.93244;44.32696
2.57;241.36133;-0.10703;66.92980;44.33453
2.58;240.29099;-0.10703;66.92757;44.34113
2.59;239.22058;-0.10705;66.92759;44.34202
2.60;238.15006;-0.10706;66.92994;44.33658
2.61;237.07955;-0.10705;66.93135;44.33326
2.62;236.00910;-0.10704;66.93119;44.33377
2.63;234.93873;-0.10704;66.92962;44.33800
2.64;233.86832;-0.10704;66.92900;44.33990
2.65;232.79786;-0.10705;66.92979;44.33832
2.66;231.72738;-0.10705;66.93082;44.33587
2.67;230.65691;-0.10704;66.93120;44.33493
2.68;229.58649;-0.10704;66.93045;44.33677
2.69;228.51608;-0.10704;66.92983;44.33844
2.70;227.44564;-0.10705;66.92990;44.33844
2.71;226.37518;-0.10704;66.93054;44.33701
2.72;225.30472;-0.10704;66.93084;44.33627
2.73;224.23428;-0.10704;66.93078;44.33639
2.74;223.16385;-0.10704;66.93026;44.33762
2.75;222.09342;-0.10704;66.93012;44.33804
2.76;221.02297;-0.10704;66.93033;44.33762
2.77;219.95251;-0.10704;66.93071;44.33676
2.78;218.88207;-0.10704;66.93071;44.33673
2.79;217.81163;-0.10704;66.93056;44.33705
2.80;216.74120;-0.10704;66.93030;44.33765
2.81;215.67076;-0.10705;66.93031;44.33758
2.82;214.60031;-0.10705;66.93051;44.33726
2.83;213.52986;-0.10704;66.93065;44.33688
2.84;212.45942;-0.10704;66.93062;44.33702
2.85;211.38898;-0.10704;66.93047;44.33727
2.86;210.31854;-0.10704;66.93041;44.33752
2.87;209.24810;-0.10704;66.93044;44.33736
2.88;208.17765;-0.10705;66.93055;44.33717
2.89;207.10720;-0.10705;66.93061;44.33704
2.90;206.03676;-0.10704;66.93054;44.33716
2.91;204.96632;-0.10704;66.93046;44.33734
2.92;203.89588;-0.10704;66.93044;44.33735
2.93;202.82544;-0.10704;66.93050;44.33729
2.94;201.75499;-0.10704;66.93056;44.33716
2.95;200.68455;-0.10704;66.93056;44.33716
2.96;199.61411;-0.10704;66.93052;44.33723
2.97;198.54367;-0.10704;66.93047;44.33730
2.98;197.47322;-0.10704;66.93048;44.33732
2.99;196.40278;-0.10704;66.93052;44.33725
3.00;195.33234;-0.10704;66.93055;44.33718
3.01;194.26189;-0.10704;66.93054;44.33719
3.02;193.19145;-0.10704;66.93051;44.33725
3.03;192.12101;-0.10704;66.93049;44.33730
3.04;191.05057;-0.10704;66.93049;44.33729
3.05;189.98012;-0.10704;66.93052;44.33724
3.06;188.90968;-0.10704;66.93054;44.33720
3.07;187.83924;-0.10704;66.93053;44.33721
3.08;186.76879;-0.10704;66.93051;44.33725
3.09;185.69835;-0.10704;66.93049;44.33729
3.10;184.62791;-0.10704;66.93050;44.33728
3.11;183.55747;-0.10704;66.93052;44.33724
3.12;182.48702;-0.10704;66.93053;44.33721
3.13;181.41658;-0.10704;66.93052;44.33722
3.14;180.34614;-0.10704;66.93051;44.33725
3.15;179.27570;-0.10704;66.93050;44.33727
3.16;178.20525;-0.10704;66.93051;44.33726
3.17;177.13481;-0.10704;66.93052;44.33724
3.18;176.06437;-0.10704;66.93053;44.33722
3.19;174.99392;-0.10704;66.93052;44.33724
3.20;173.92348;-0.10704;66.93051;44.33725
3.21;172.85304;-0.10704;66.93051;44.33726
3.22;171.78260;-0.10704;66.93051;44.33726
3.23;170.71215;-0.10704;66.93052;44.33724
3.24;169.64171;-0.10704;66.93052;44.33723
3.25;168.57127;-0.10704;66.93052;44.33723
3.26;167.50082;-0.10704;66.93052;44.33724
3.27;166.43038;-0.10704;66.93051;44.33726
3.28;165.35994;-0.10704;66.93051;44.33726
3.29;164.28950;-0.10704;66.93051;44.33725
3.30;163.21905;-0.10704;66.93052;44.33724
3.31;162.14861;-0.10704;66.93052;44.33723
3.32;161.07817;-0.10704;66.93052;44.33723
3.33;160.00772;-0.10704;66.93051;44.33725
3.34;158.93728;-0.10704;66.93051;44.33726
3.35;157.86684;-0.10704;66.93051;44.33726
3.36;156.79640;-0.10704;66.93051;44.33725
3.37;155.72595;-0.10704;66.93052;44.33724
3.38;154.65551;-0.10704;66.93052;44.33724
3.39;153.58507;-0.10704;66.93052;44.33724
3.40;152.51463;-0.10704;66.93051;44.33725
3.41;151.44418;-0.10704;66.93051;44.33725
3.42;150.37374;-0.10704;66.93051;44.33725
3.42;150.37374;-0.00000;0.00000;0.00000
3.43;150.36434;-0.00200;0.05425;2.05262
3.44;150.32282;-0.00582;0.31064;3.21867
3.45;150.25015;-0.01043;0.77093;2.92434
3.46;150.12453;-0.01291;1.37339;2.28187
3.47;149.99264;-0.01348;1.74280;0.96786
3.48;149.87533;-0.01103;1.44972;0.06166
3.49;149.76633;-0.00853;1.09368;-0.33520
3.50;149.69459;-0.00752;0.78876;0.22882
3.51;149.62785;-0.00684;0.54377;0.93713
3.52;149.55642;-0.00747;0.54130;1.65008
3.53;149.47706;-0.00909;0.73454;1.75340
3.54;149.37639;-0.01024;0.97608;1.60097
3.55;149.27205;-0.01068;1.12770;1.11734
3.56;149.16571;-0.01021;1.14039;0.70799
3.57;149.07016;-0.00923;0.98869;0.54120
3.58;148.98119;-0.00838;0.82195;0.59824
3.59;148.89967;-0.00799;0.70598;0.88888
3.60;148.81812;-0.00833;0.71719;1.13943
3.61;148.73213;-0.00884;0.77947;1.30066
3.62;148.64178;-0.00943;0.87764;1.24391
3.63;148.54551;-0.00961;0.94013;1.10793
3.64;148.44933;-0.00958;0.96519;0.92550
3.65;148.35480;-0.00924;0.92789;0.83983
3.66;148.26450;-0.00890;0.86563;0.84132
3.67;148.17654;-0.00872;0.81967;0.91636
3.68;148.08970;-0.00871;0.79737;1.02022
3.69;148.00125;-0.00891;0.82154;1.09506
3.70;147.91125;-0.00911;0.85272;1.10776
3.71;147.81932;-0.00927;0.88714;1.05921
3.72;147.72658;-0.00928;0.89710;0.99799
3.73;147.63423;-0.00918;0.89228;0.94243
3.74;147.54304;-0.00904;0.87088;0.93899
3.75;147.45337;-0.00895;0.85071;0.95668
3.76;147.36399;-0.00892;0.84096;0.99636
3.77;147.27467;-0.00897;0.84128;1.02575
3.78;147.18434;-0.00906;0.85423;1.04023
3.79;147.09356;-0.00912;0.86674;1.03076
3.80;147.00219;-0.00915;0.87526;1.00630
3.81;146.91089;-0.00912;0.87426;0.98677
3.82;146.81998;-0.00907;0.86811;0.97398
3.83;146.72945;-0.00902;0.85960;0.98114
3.84;146.63935;-0.00900;0.85500;0.99253
3.85;146.54921;-0.00902;0.85389;1.00696
3.86;146.45893;-0.00905;0.85708;1.01356
3.87;146.36829;-0.00908;0.86193;1.01237
3.88;146.27749;-0.00909;0.86584;1.00558
3.89;146.18660;-0.00909;0.86711;0.99717
3.90;146.09586;-0.00907;0.86496;0.99186
3.91;146.00526;-0.00905;0.86225;0.99108
3.92;145.91479;-0.00904;0.85943;0.99536
3.93;145.82439;-0.00904;0.85894;1.00044
3.94;145.73394;-0.00905;0.85944;1.00458
3.95;145.64340;-0.00906;0.86123;1.00471
3.96;145.55275;-0.00907;0.86282;1.00290
3.97;145.46206;-0.00907;0.86353;0.99967
3.98;145.37138;-0.00907;0.86339;0.99744
3.99;145.28079;-0.00906;0.86229;0.99639
4.00;145.19023;-0.00905;0.86132;0.99733
4.01;145.09971;-0.00905;0.86064;0.99926
4.02;145.00919;-0.00905;0.86081;1.00084
4.03;144.91864;-0.00906;0.86129;1.00177
4.04;144.82805;-0.00906;0.86199;1.00113
4.05;144.73743;-0.00906;0.86235;1.00017
4.06;144.64681;-0.00906;0.86239;0.99901
4.07;144.55621;-0.00906;0.86213;0.99857
4.08;144.46563;-0.00906;0.86173;0.99861
4.09;144.37507;-0.00905;0.86143;0.99923
4.10;144.28451;-0.00905;0.86135;0.99991
4.11;144.19395;-0.00906;0.86151;1.00029
4.12;144.10337;-0.00906;0.86174;1.00037
4.13;144.01278;-0.00906;0.86196;0.99999
4.14;143.92218;-0.00906;0.86200;0.99959
4.15;143.83159;-0.00906;0.86195;0.99927
4.16;143.74101;-0.00906;0.86180;0.99925
4.17;143.65043;-0.00906;0.86168;0.99941
4.18;143.55986;-0.00906;0.86160;0.99967
4.19;143.46929;-0.00906;0.86163;0.99985
4.20;143.37871;-0.00906;0.86172;0.99992
4.21;143.28813;-0.00906;0.86181;0.99985
4.22;143.19754;-0.00906;0.86186;0.99969
4.23;143.10696;-0.00906;0.86185;0.99956
4.24;143.01637;-0.00906;0.86180;0.99949
4.25;142.92579;-0.00906;0.86174;0.99953
4.26;142.83522;-0.00906;0.86171;0.99962
4.27;142.74464;-0.00906;0.86171;0.99972
4.28;142.65406;-0.00906;0.86173;0.99976
4.29;142.56348;-0.00906;0.86177;0.99975
4.30;142.47290;-0.00906;0.86179;0.99970
4.31;142.38231;-0.00906;0.86180;0.99964
4.32;142.29173;-0.00906;0.86178;0.99960
4.33;142.20115;-0.00906;0.86176;0.99960
4.34;142.11057;-0.00906;0.86175;0.99964
4.35;142.01999;-0.00906;0.86175;0.99967
4.36;141.92941;-0.00906;0.86175;0.99970
4.37;141.83883;-0.00906;0.86176;0.99970
4.38;141.74825;-0.00906;0.86177;0.99969
4.39;141.65767;-0.00906;0.86178;0.99966
4.40;141.56709;-0.00906;0.86178;0.99964
4.41;141.47651;-0.00906;0.86177;0.99964
4.42;141.38593;-0.00906;0.86176;0.99965
4.43;141.29535;-0.00906;0.86176;0.99966
4.44;141.20477;-0.00906;0.86176;0.99967
4.45;141.11419;-0.00906;0.86176;0.99967
4.46;141.02361;-0.00906;0.86177;0.99967
4.47;140.93303;-0.00906;0.86177;0.99967
4.48;140.84245;-0.00906;0.86177;0.99966
4.49;140.75186;-0.00906;0.86177;0.99965
4.50;140.66128;-0.00906;0.86176;0.99965
4.51;140.57070;-0.00906;0.86176;0.99966
4.52;140.48012;-0.00906;0.86176;0.99967
4.53;140.38954;-0.00906;0.86176;0.99967
4.54;140.29896;-0.00906;0.86176;0.99967
4.55;140.20838;-0.00906;0.86176;0.99967
4.56;140.11780;-0.00906;0.86177;0.99966
4.57;140.02722;-0.00906;0.86177;0.99966
4.58;139.93664;-0.00906;0.86176;0.99966
4.59;139.84606;-0.00906;0.86176;0.99966
4.60;139.75548;-0.00906;0.86176;0.99966
4.61;139.66490;-0.00906;0.86176;0.99966
4.62;139.57432;-0.00906;0.86176;0.99967
4.63;139.48374;-0.00906;0.86176;0.99966
4.64;139.39316;-0.00906;0.86176;0.99966
4.65;139.30258;-0.00906;0.86176;0.99966
4.66;139.21200;-0.00906;0.86176;0.99966
4.67;139.12142;-0.00906;0.86176;0.99966
4.68;139.03084;-0.00906;0.86176;0.99966
4.69;138.94025;-0.00906;0.86176;0.99966
4.70;138.84967;-0.00906;0.86176;0.99966
4.71;138.75909;-0.00906;0.86176;0.99966
4.72;138.66851;-0.00906;0.86176;0.99966
4.73;138.57793;-0.00906;0.86176;0.99966
4.74;138.48735;-0.00906;0.86176;0.99966
4.75;138.39677;-0.00906;0.86176;0.99966
4.76;138.30619;-0.00906;0.86176;0.99966
4.77;138.21561;-0.00906;0.86176;0.99966
4.78;138.12502;-0.00906;0.86176;0.99966
4.79;138.03444;-0.00906;0.86176;0.99966
4.80;137.94386;-0.00906;0.86176;0.99966
4.81;137.85328;-0.00906;0.86176;0.99966
4.82;137.76270;-0.00906;0.86176;0.99966
4.83;137.67212;-0.00906;0.86176;0.99966
4.84;137.58154;-0.00906;0.86176;0.99966
4.85;137.49096;-0.00906;0.86176;0.99966
4.86;137.40038;-0.00906;0.86176;0.99966
4.87;137.30980;-0.00906;0.86176;0.99966
4.88;137.21922;-0.00906;0.86176;0.99966
4.89;137.12864;-0.00906;0.86176;0.99966
4.90;137.03806;-0.00906;0.86176;0.99966
4.91;136.94748;-0.00906;0.86176;0.99966
4.92;136.85690;-0.00906;0.86176;0.99966
4.93;136.76632;-0.00906;0.86176;0.99966
4.94;136.67574;-0.00906;0.86176;0.99966
4.95;136.58516;-0.00906;0.86176;0.99966
4.96;136.49458;-0.00906;0.86176;0.99966
4.97;136.40400;-0.00906;0.86176;0.99966
4.98;136.31342;-0.00906;0.86176;0.99966
4.99;136.22284;-0.00906;0.86176;0.99966
5.00;136.13226;-0.00906;0.86176;0.99966
5.01;136.04168;-0.00906;0.86176;0.99966
5.02;135.95110;-0.00906;0.86176;0.99966
5.03;135.86052;-0.00906;0.86176;0.99966
5.04;135.76994;-0.00906;0.86176;0.99966
5.05;135.67936;-0.00906;0.86176;0.99966
5.06;135.58877;-0.00906;0.86176;0.99966
5.07;135.49819;-0.00906;0.86176;0.99966
5.08;135.40761;-0.00906;0.86176;0.99966
5.09;135.31703;-0.00906;0.86176;0.99966
5.10;135.22645;-0.00906;0.86176;0.99966
5.11;135.13587;-0.00906;0.86176;0.99966
5.12;135.04529;-0.00906;0.86176;0.99966
5.13;134.95471;-0.00906;0.86176;0.99966
5.14;134.86413;-0.00906;0.86176;0.99966
5.15;134.77355;-0.00906;0.86176;0.99966
5.16;134.68297;-0.00906;0.86176;0.99966
5.17;134.59239;-0.00906;0.86176;0.99966
5.18;134.50181;-0.00906;0.86176;0.99966
5.19;134.41123;-0.00906;0.86176;0.99966
5.20;134.32065;-0.00906;0.86176;0.99966
5.21;134.23007;-0.00906;0.86176;0.99966
5.22;134.13949;-0.00906;0.86176;0.99966
5.23;134.04891;-0.00906;0.86176;0.99966
5.24;133.95833;-0.00906;0.86176;0.99966
5.25;133.86774;-0.00906;0.86176;0.99966
5.26;133.77716;-0.00906;0.86176;0.99966
5.27;133.68658;-0.00906;0.86176;0.99966
5.28;133.59600;-0.00906;0.86176;0.99966
5.29;133.50542;-0.00906;0.86176;0.99966
5.30;133.41484;-0.00906;0.86176;0.99966
5.31;133.32426;-0.00906;0.86176;0.99966
5.32;133.23368;-0.00906;0.86176;0.99966
5.33;133.14310;-0.00906;0.86176;0.99966
5.34;133.05252;-0.00906;0.86176;0.99966
5.35;132.96194;-0.00906;0.86176;0.99966
5.36;132.87136;-0.00906;0.86176;0.99966
5.37;132.78078;-0.00906;0.86176;0.99966
5.38;132.69020;-0.00906;0.86176;0.99966
5.39;132.59962;-0.00906;0.86176;0.99966
5.40;132.50904;-0.00906;0.86176;0.99966
5.41;132.41846;-0.00906;0.86176;0.99966
5.42;132.32788;-0.00906;0.86176;0.99966
5.43;132.23730;-0.00906;0.86176;0.99966
5.44;132.14671;-0.00906;0.86176;0.99966
5.45;132.05613;-0.00906;0.86176;0.99966
5.46;131.96555;-0.00906;0.86176;0.99966
5.47;131.87497;-0.00906;0.86176;0.99966
5.48;131.78439;-0.00906;0.86176;0.99966
5.49;131.69381;-0.00906;0.86176;0.99966
5.50;131.60323;-0.00906;0.86176;0.99966
5.51;131.51265;-0.00906;0.86176;0.99966
5.52;131.42207;-0.00906;0.86176;0.99966
5.53;131.33149;-0.00906;0.86176;0.99966
5.54;131.24091;-0.00906;0.86176;0.99966
5.55;131.15033;-0.00906;0.86176;0.99966
5.56;131.05975;-0.00906;0.86176;0.99966
5.57;130.96917;-0.00906;0.86176;0.99966
5.58;130.87859;-0.00906;0.86176;0.99966
5.59;130.78801;-0.00906;0.86176;0.99966
5.60;130.69743;-0.00906;0.86176;0.99966
5.61;130.60685;-0.00906;0.86176;0.99966
5.62;130.51627;-0.00906;0.86176;0.99966
5.63;130.42569;-0.00906;0.86176;0.99966
5.64;130.33511;-0.00906;0.86176;0.99966
5.65;130.24453;-0.00906;0.86176;0.99966
5.66;130.15395;-0.00906;0.86176;0.99966
5.67;130.06337;-0.00906;0.86176;0.99966
5.68;129.97279;-0.00906;0.86176;0.99966
5.69;129.88221;-0.00906;0.86176;0.99966
5.70;129.79163;-0.00906;0.86176;0.99966
5.71;129.70105;-0.00906;0.86176;0.99966
5.72;129.61047;-0.00906;0.86176;0.99966
5.73;129.51989;-0.00906;0.86176;0.99966
5.74;129.42931;-0.00906;0.86176;0.99966
5.75;129.33873;-0.00906;0.86176;0.99966
5.76;129.24815;-0.00906;0.86176;0.99966
5.77;129.15757;-0.00906;0.86176;0.99966
5.78;129.06698;-0.00906;0.86176;0.99966
5.79;128.97640;-0.00906;0.86176;0.99966
5.80;128.88582;-0.00906;0.86176;0.99966
5.81;128.79524;-0.00906;0.86176;0.99966
5.82;128.70466;-0.00906;0.86176;0.99966
5.83;128.61408;-0.00906;0.86176;0.99966
5.84;128.52350;-0.00906;0.86176;0.99966
5.85;128.43292;-0.00906;0.86176;0.99966
5.86;128.34234;-0.00906;0.86176;0.99966
5.87;128.25176;-0.00906;0.86176;0.99966
5.88;128.16118;-0.00906;0.86176;0.99966
5.89;128.07060;-0.00906;0.86176;0.99966
5.90;127.98002;-0.00906;0.86176;0.99966
5.91;127.88944;-0.00906;0.86176;0.99966
5.92;127.79886;-0.00906;0.86176;0.99966
5.93;127.70828;-0.00906;0.86176;0.99966
5.94;127.61770;-0.00906;0.86176;0.99966
5.95;127.52712;-0.00906;0.86176;0.99966
5.96;127.43654;-0.00906;0.86176;0.99966
5.97;127.34596;-0.00906;0.86176;0.99966
5.98;127.25538;-0.00906;0.86176;0.99966
5.99;127.16479;-0.00906;0.86176;0.99966
6.00;127.07421;-0.00906;0.86176;0.99966
6.01;126.98363;-0.00906;0.86176;0.99966
6.02;126.89305;-0.00906;0.86176;0.99966
6.03;126.80247;-0.00906;0.86176;0.99966
6.04;126.71189;-0.00906;0.86176;0.99966
6.05;126.62131;-0.00906;0.86176;0.99966
6.06;126.53073;-0.00906;0.86176;0.99966
6.07;126.44015;-0.00906;0.86176;0.99966
6.08;126.34957;-0.00906;0.86176;0.99966
6.09;126.25899;-0.00906;0.86176;0.99966
6.10;126.16841;-0.00906;0.86176;0.99966
6.11;126.07783;-0.00906;0.86176;0.99966
6.12;125.98725;-0.00906;0.86176;0.99966
6.13;125.89667;-0.00906;0.86176;0.99966
6.14;125.80609;-0.00906;0.86176;0.99966
6.15;125.71551;-0.00906;0.86176;0.99966
6.16;125.62493;-0.00906;0.86176;0.99966
6.17;125.53435;-0.00906;0.86176;0.99966
6.18;125.44377;-0.00906;0.86176;0.99966
6.19;125.35319;-0.00906;0.86176;0.99966
6.20;125.26261;-0.00906;0.86176;0.99966
6.21;125.17203;-0.00906;0.86176;0.99966
6.22;125.08145;-0.00906;0.86176;0.99966
6.23;124.99087;-0.00906;0.86176;0.99966
6.24;124.90029;-0.00906;0.86176;0.99966
6.25;124.80971;-0.00906;0.86176;0.99966
6.26;124.71913;-0.00906;0.86176;0.99966
6.27;124.62855;-0.00906;0.86176;0.99966
6.28;124.53797;-0.00906;0.86176;0.99966
6.29;124.44738;-0.00906;0.86176;0.99966
6.30;124.35680;-0.00906;0.86176;0.99966
6.31;124.26622;-0.00906;0.86176;0.99966
6.32;124.17564;-0.00906;0.86176;0.99966
6.33;124.08506;-0.00906;0.86176;0.99966
6.34;123.99448;-0.00906;0.86176;0.99966
6.35;123.90390;-0.00906;0.86176;0.99966
6.36;123.81332;-0.00906;0.86176;0.99966
6.37;123.72274;-0.00906;0.86176;0.99966
6.38;123.63216;-0.00906;0.86176;0.99966
6.39;123.54158;-0.00906;0.86176;0.99966
6.40;123.45100;-0.00906;0.86176;0.99966
6.41;123.36042;-0.00906;0.86176;0.99966
6.42;123.26984;-0.00906;0.86176;0.99966
6.43;123.17926;-0.00906;0.86176;0.99966
6.44;123.08868;-0.00906;0.86176;0.99966
6.45;122.99810;-0.00906;0.86176;0.99966
6.46;122.90751;-0.00906;0.86176;0.99966
6.47;122.81693;-0.00906;0.86176;0.99966
6.48;122.72635;-0.00906;0.86176;0.99966
6.49;122.63577;-0.00906;0.86176;0.99966
6.50;122.54519;-0.00906;0.86176;0.99966
6.51;122.45461;-0.00906;0.86176;0.99966
6.52;122.36403;-0.00906;0.86176;0.99966
6.53;122.27345;-0.00906;0.86176;0.99966
6.54;122.18287;-0.00906;0.86176;0.99966
6.55;122.09229;-0.00906;0.86176;0.99966
6.56;122.00171;-0.00906;0.86176;0.99966
6.57;121.91113;-0.00906;0.86176;0.99966
6.58;121.82055;-0.00906;0.86176;0.99966
6.59;121.72997;-0.00906;0.86176;0.99966
6.60;121.63939;-0.00906;0.86176;0.99966
6.61;121.54881;-0.00906;0.86176;0.99966
6.62;121.45823;-0.00906;0.86176;0.99966
6.63;121.36765;-0.00906;0.86176;0.99966
6.64;121.27707;-0.00906;0.86176;0.99966
6.65;121.18649;-0.00906;0.86176;0.99966
6.66;121.09591;-0.00906;0.86176;0.99966
6.67;121.00533;-0.00906;0.86176;0.99966
6.68;120.91475;-0.00906;0.86176;0.99966
6.69;120.82417;-0.00906;0.86176;0.99966
6.70;120.73358;-0.00906;0.86176;0.99966
6.71;120.64300;-0.00906;0.86176;0.99966
6.72;120.55242;-0.00906;0.86176;0.99966
6.73;120.46184;-0.00906;0.86176;0.99966
6.74;120.37126;-0.00906;0.86176;0.99966
6.75;120.28068;-0.00906;0.86176;0.99966
6.76;120.19010;-0.00906;0.86176;0.99966
6.77;120.09952;-0.00906;0.86176;0.99966
6.78;120.00894;-0.00906;0.86176;0.99966
6.79;119.91836;-0.00906;0.86176;0.99966
6.80;119.82778;-0.00906;0.86176;0.99966
6.81;119.73720;-0.00906;0.86176;0.99966
6.82;119.64662;-0.00906;0.86176;0.99966
6.83;119.55604;-0.00906;0.86176;0.99966
6.84;119.46546;-0.00906;0.86176;0.99966
6.85;119.37488;-0.00906;0.86176;0.99966
6.86;119.28430;-0.00906;0.86176;0.99966
6.87;119.19372;-0.00906;0.86176;0.99966
6.88;119.10314;-0.00906;0.86176;0.99966
6.89;119.01255;-0.00906;0.86176;0.99966
6.90;118.92197;-0.00906;0.86176;0.99966
6.91;118.83139;-0.00906;0.86176;0.99966
6.92;118.74081;-0.00906;0.86176;0.99966
6.93;118.65023;-0.00906;0.86176;0.99966
6.94;118.55965;-0.00906;0.86176;0.99966
6.95;118.46907;-0.00906;0.86176;0.99966
6.96;118.37849;-0.00906;0.86176;0.99966
6.97;118.28791;-0.00906;0.86176;0.99966
6.98;118.19733;-0.00906;0.86176;0.99966
6.99;118.10675;-0.00906;0.86176;0.99966
7.00;118.01617;-0.00906;0.86176;0.99966
7.01;117.92558;-0.00906;0.86176;0.99966
7.02;117.83500;-0.00906;0.86176;0.99966
7.03;117.74442;-0.00906;0.86176;0.99966
7.04;117.65384;-0.00906;0.86176;0.99966
7.05;117.56326;-0.00906;0.86176;0.99966
7.06;117.47268;-0.00906;0.86176;0.99966
7.07;117.38210;-0.00906;0.86176;0.99966
7.08;117.29152;-0.00906;0.86176;0.99966
7.09;117.20094;-0.00906;0.86176;0.99966
7.10;117.11036;-0.00906;0.86176;0.99966
7.11;117.01978;-0.00906;0.86176;0.99966
7.12;116.92920;-0.00906;0.86176;0.99966
7.13;116.83862;-0.00906;0.86176;0.99966
7.14;116.74804;-0.00906;0.86176;0.99966
7.15;116.65746;-0.00906;0.86176;0.99966
7.16;116.56688;-0.00906;0.86176;0.99966
7.17;116.47630;-0.00906;0.86176;0.99966
7.18;116.38571;-0.00906;0.86176;0.99966
7.19;116.29513;-0.00906;0.86176;0.99966
7.20;116.20455;-0.00906;0.86176;0.99966
7.21;116.11397;-0.00906;0.86176;0.99966
7.22;116.02339;-0.00906;0.86176;0.99966
7.23;115.93281;-0.00906;0.86176;0.99966
7.24;115.84223;-0.00906;0.86176;0.99966
7.25;115.75165;-0.00906;0.86176;0.99966
7.26;115.66107;-0.00906;0.86176;0.99966
7.27;115.57049;-0.00906;0.86176;0.99966
7.28;115.47991;-0.00906;0.86176;0.99966
7.29;115.38933;-0.00906;0.86176;0.99966
7.30;115.29875;-0.00906;0.86176;0.99966
7.31;115.20817;-0.00906;0.86176;0.99966
7.32;115.11758;-0.00906;0.86176;0.99966
7.33;115.02700;-0.00906;0.86176;0.99966
7.34;114.93642;-0.00906;0.86176;0.99966
7.35;114.84584;-0.00906;0.86176;0.99966
7.36;114.75526;-0.00906;0.86176;0.99966
7.37;114.66468;-0.00906;0.86176;0.99966
7.38;114.57410;-0.00906;0.86176;0.99966
7.39;114.48352;-0.00906;0.86176;0.99966
7.40;114.39294;-0.00906;0.86176;0.99966
7.41;114.30236;-0.00906;0.86176;0.99966
7.42;114.21178;-0.00906;0.86176;0.99966
7.43;114.12120;-0.00906;0.86176;0.99966
7.44;114.03062;-0.00906;0.86176;0.99966
7.45;113.94004;-0.00906;0.86176;0.99966
7.46;113.84946;-0.00906;0.86176;0.99966
7.47;113.75888;-0.00906;0.86176;0.99966
7.48;113.66830;-0.00906;0.86176;0.99966
7.49;113.57772;-0.00906;0.86176;0.99966
7.50;113.48714;-0.00906;0.86176;0.99966
7.51;113.39656;-0.00906;0.86176;0.99966
7.52;113.30598;-0.00906;0.86176;0.99966
7.53;113.21540;-0.00906;0.86176;0.99966
7.54;113.12481;-0.00906;0.86176;0.99966
7.55;113.03423;-0.00906;0.86176;0.99966
7.56;112.94365;-0.00906;0.86176;0.99966
7.57;112.85307;-0.00906;0.86176;0.99966
7.58;112.76249;-0.00906;0.86176;0.99966
7.59;112.67191;-0.00906;0.86176;0.99966
7.60;112.58133;-0.00906;0.86176;0.99966
7.61;112.49075;-0.00906;0.86176;0.99966
7.62;112.40017;-0.00906;0.86176;0.99966
7.63;112.30959;-0.00906;0.86176;0.99966
7.64;112.21901;-0.00906;0.86176;0.99966
7.65;112.12843;-0.00906;0.86176;0.99966
7.66;112.03785;-0.00906;0.86176;0.99966
7.67;111.94727;-0.00906;0.86176;0.99966
7.68;111.85669;-0.00906;0.86176;0.99966
7.69;111.76611;-0.00906;0.86176;0.99966
7.70;111.67553;-0.00906;0.86176;0.99966
7.71;111.58495;-0.00906;0.86176;0.99966
7.72;111.49437;-0.00906;0.86176;0.99966
7.73;111.40378;-0.00906;0.86176;0.99966
7.74;111.31320;-0.00906;0.86176;0.99966
7.75;111.22262;-0.00906;0.86176;0.99966
7.76;111.13204;-0.00906;0.86176;0.99966
7.77;111.04146;-0.00906;0.86176;0.99966
7.78;10.95088;-0.00906;0.86176;0.99966
7.79;10.86030;-0.00906;0.86176;0.99966
7.80;10.76972;-0.00906;0.86176;0.99966
7.81;10.67914;-0.00906;0.86176;0.99966
7.82;10.58856;-0.00906;0.86176;0.99966
7.83;10.49798;-0.00906;0.86176;0.99966
7.84;10.40740;-0.00906;0.86176;0.99966
7.85;10.31682;-0.00906;0.86176;0.99966
7.86;10.22624;-0.00906;0.86176;0.99966
7.87;10.13566;-0.00906;0.86176;0.99966
7.88;10.04508;-0.00906;0.86176;0.99966
7.89;9.95450;-0.00906;0.86176;0.99966
7.90;9.86392;-0.00906;0.86176;0.99966
7.91;9.77334;-0.00906;0.86176;0.99966
7.92;9.68276;-0.00906;0.86176;0.99966
7.93;9.59218;-0.00906;0.86176;0.99966
7.94;9.50160;-0.00906;0.86176;0.99966
7.95;9.41101;-0.00906;0.86176;0.99966
7.96;9.32043;-0.00906;0.86176;0.99966
7.97;9.22985;-0.00906;0.86176;0.99966
7.98;9.13927;-0.00906;0.86176;0.99966
7.99;9.04869;-0.00906;0.86176;0.99966
8.00;8.95811;-0.00906;0.86176;0.99966
8.01;8.86753;-0.00906;0.86176;0.99966
8.02;8.77695;-0.00906;0.86176;0.99966
8.03;8.68637;-0.00906;0.86176;0.99966
8.04;8.59579;-0.00906;0.86176;0.99966
8.05;8.50521;-0.00906;0.86176;0.99966
8.06;8.41463;-0.00906;0.86176;0.99966
8.07;8.32405;-0.00906;0.86176;0.99966
8.08;8.23347;-0.00906;0.86176;0.99966
8.09;8.14288;-0.00906;0.86176;0.99966
8.10;8.05230;-0.00906;0.86176;0.99966
8.11;7.96172;-0.00906;0.86176;0.99966
8.12;7.87114;-0.00906;0.86176;0.99966
8.13;7.78056;-0.00906;0.86176;0.99966
8.14;7.68998;-0.00906;0.86176;0.99966
8.15;7.59940;-0.00906;0.86176;0.99966
8.16;7.50882;-0.00906;0.86176;0.99966
8.17;7.41824;-0.00906;0.86176;0.99966
8.18;7.32766;-0.00906;0.86176;0.99966
8.19;7.23708;-0.00906;0.86176;0.99966
8.20;7.14650;-0.00906;0.86176;0.99966
8.21;7.05592;-0.00906;0.86176;0.99966
8.22;6.96534;-0.00906;0.86176;0.99966
8.23;6.87476;-0.00906;0.86176;0.99966
8.24;6.78418;-0.00906;0.86176;0.99966
8.25;6.69360;-0.00906;0.86176;0.99966
8.26;6.60302;-0.00906;0.86176;0.99966
8.27;6.51244;-0.00906;0.86176;0.99966
8.28;6.42186;-0.00906;0.86176;0.99966
8.29;6.33128;-0.00906;0.86176;0.99966
8.30;6.24070;-0.00906;0.86176;0.99966
8.31;6.15011;-0.00906;0.86176;0.99966
8.32;6.05953;-0.00906;0.86176;0.99966
8.33;5.96895;-0.00906;0.86176;0.99966
8.34;5.87837;-0.00906;0.86176;0.99966
8.35;5.78779;-0.00906;0.86176;0.99966
8.36;5.69721;-0.00906;0.86176;0.99966
8.37;5.60663;-0.00906;0.86176;0.99966
8.38;5.51605;-0.00906;0.86176;0.99966
8.39;5.42547;-0.00906;0.86176;0.99966
8.40;5.33489;-0.00906;0.86176;0.99966
8.41;5.24431;-0.00906;0.86176;0.99966
8.42;5.15373;-0.00906;0.86176;0.99966
8.43;5.06315;-0.00906;0.86176;0.99966
8.44;4.97257;-0.00906;0.86176;0.99966
8.45;4.88199;-0.00906;0.86176;0.99966
8.46;4.79141;-0.00906;0.86176;0.99966
8.47;4.70083;-0.00906;0.86176;0.99966
8.48;4.61025;-0.00906;0.86176;0.99966
8.49;4.51967;-0.00906;0.86176;0.99966
8.50;4.42909;-0.00906;0.86176;0.99966
8.51;4.33851;-0.00906;0.86176;0.99966
8.52;4.24792;-0.00906;0.86176;0.99966
8.53;4.15734;-0.00906;0.86176;0.99966
8.54;4.06676;-0.00906;0.86176;0.99966
8.55;3.97618;-0.00906;0.86176;0.99966
8.56;3.88560;-0.00906;0.86176;0.99966
8.57;3.79502;-0.00906;0.86176;0.99966
8.58;3.70444;-0.00906;0.86176;0.99966
8.59;3.61386;-0.00906;0.86176;0.99966
8.60;3.52328;-0.00906;0.86176;0.99966
8.61;3.43270;-0.00906;0.86176;0.99966
8.62;3.34212;-0.00906;0.86176;0.99966
8.63;3.25154;-0.00906;0.86176;0.99966
8.64;3.16096;-0.00906;0.86176;0.99966
8.65;3.07038;-0.00906;0.86176;0.99966
8.66;2.97980;-0.00906;0.86176;0.99966
8.67;2.88922;-0.00906;0.86176;0.99966
8.68;2.79864;-0.00906;0.86176;0.99966
8.69;2.70806;-0.00906;0.86176;0.99966
8.70;2.61748;-0.00906;0.86176;0.99966
8.71;2.52690;-0.00906;0.86176;0.99966
8.72;2.43631;-0.00906;0.86176;0.99966
8.73;2.34573;-0.00906;0.86176;0.99966
8.74;2.25515;-0.00906;0.86176;0.99966
8.75;2.16457;-0.00906;0.86176;0.99966
8.76;2.07399;-0.00906;0.86176;0.99966
8.77;1.98341;-0.00906;0.86176;0.99966
8.78;1.89283;-0.00906;0.86176;0.99966
8.79;1.80225;-0.00906;0.86176;0.99966
8.80;1.71167;-0.00906;0.86176;0.99966
8.81;1.62109;-0.00906;0.86176;0.99966
8.82;1.53051;-0.00906;0.86176;0.99966
8.83;1.43993;-0.00906;0.86176;0.99966
8.84;1.34935;-0.00906;0.86176;0.99966
8.85;1.25877;-0.00906;0.86176;0.99966
8.86;1.16819;-0.00906;0.86176;0.99966
8.87;1.07761;-0.00906;0.86176;0.99966
8.88;0.98703;-0.00906;0.86176;0.99966
8.89;0.89645;-0.00906;0.86176;0.99966
8.90;0.80586;-0.00906;0.86176;0.99966
8.91;0.71528;-0.00906;0.86176;0.99966
8.92;0.62470;-0.00906;0.86176;0.99966
8.93;0.53412;-0.00906;0.86176;0.99966
8.94;0.44354;-0.00906;0.86176;0.99966
8.95;0.37374;-0.00000;0.26134;1.61697
10.96;0.37374;0.00000;0.26134;1.61697
10.97;0.43982;0.01619;16.38653;0.99922
10.98;0.77421;0.04877;27.38968;5.12629
10.99;1.41552;0.09073;27.31483;14.92653
11.00;2.41350;0.09903;20.33572;27.83653
11.01;3.41659;0.09807;22.53449;37.89183
11.02;4.40000;0.09903;33.12762;45.52477
11.03;5.41300;0.10522;39.89164;49.58430
11.04;6.51720;0.11544;37.87541;53.15640
11.05;7.66020;0.11219;34.16012;56.72350
11.06;8.74540;0.10594;35.34186;58.11487
11.07;9.77660;0.10145;40.47706;58.93670
11.08;10.82940;0.10682;42.25263;59.93894
11.09;11.91020;0.11076;41.88145;61.37939
11.10;13.02100;0.10952;39.63990;63.10356
11.11;14.09200;0.10579;40.68638;63.68131
11.12;15.14450;0.10493;42.70006;63.83420
11.13;16.19620;0.10706;44.31560;63.99468
11.14;17.28260;0.10854;43.24651;64.79207
11.15;18.36680;0.10827;42.52438;65.43004
11.16;19.44140;0.10619;42.70733;65.73073
11.17;20.50070;0.10608;43.75492;65.69786
11.18;21.56340;0.10694;44.39623;65.75099
11.19;22.63890;0.10814;44.01217;66.06977
11.20;23.71800;0.10755;43.55071;66.36996
11.21;24.78970;0.10683;43.63317;66.48036
11.22;25.85470;0.10631;44.16912;66.43177
11.23;26.92250;0.10697;44.34561;66.46783
11.24;27.99380;0.10748;44.27292;66.57215
11.25;29.06930;0.10739;43.95992;66.73674
11.26;30.14030;0.10692;44.01266;66.77196
11.27;31.20840;0.10675;44.22413;66.74826
11.28;32.27590;0.10695;44.43670;66.71857
11.29;33.34780;0.10721;44.32176;66.78637
11.30;34.42000;0.10727;44.21020;66.84895
11.31;35.49170;0.10701;44.16585;66.88444
11.32;36.56070;0.10689;44.28182;66.86269
11.33;37.62980;0.10696;44.38042;66.84500
11.34;38.70020;0.10711;44.37020;66.86152
11.35;39.77190;0.10717;44.28721;66.89940
11.36;40.84290;0.10705;44.26326;66.91547
11.37;41.91310;0.10697;44.30033;66.90938
11.38;42.98280;0.10698;44.34922;66.89822
11.39;44.05290;0.10707;44.36319;66.89868
11.40;45.12400;0.10712;44.32194;66.91738
11.41;46.19480;0.10707;44.30043;66.92790
11.42;47.26520;0.10700;44.31296;66.92582
11.43;48.33520;0.10700;44.34631;66.91615
11.44;49.40550;0.10705;44.34997;66.91694
11.45;50.47610;0.10709;44.33981;66.92240
11.46;51.54690;0.10707;44.31909;66.93119
11.47;52.61730;0.10703;44.32354;66.93035
11.48;53.68760;0.10702;44.33632;66.92642
11.49;54.75780;0.10704;44.34856;66.92275
11.50;55.82830;0.10706;44.34120;66.92626
11.51;56.89890;0.10706;44.33292;66.92989
11.52;57.96950;0.10704;44.32696;66.93244
11.53;59.03980;0.10703;44.33453;66.92980
11.54;60.11020;0.10703;44.34113;66.92757
11.55;61.18060;0.10705;44.34202;66.92759
11.56;62.25110;0.10706;44.33658;66.92994
11.57;63.32160;0.10705;44.33326;66.93135
11.58;64.39210;0.10704;44.33377;66.93119
11.59;65.46240;0.10704;44.33800;66.92962
11.60;66.53280;0.10704;44.33990;66.92900
11.61;67.60330;0.10705;44.33832;66.92979
11.62;68.67380;0.10705;44.33587;66.93082
11.63;69.74420;0.10704;44.33493;66.93120
11.64;70.81470;0.10704;44.33677;66.93045
11.65;71.88510;0.10704;44.33844;66.92983
11.66;72.95550;0.10705;44.33844;66.92990
11.67;74.02600;0.10704;44.33701;66.93054
11.68;75.09640;0.10704;44.33627;66.93084
11.69;76.16690;0.10704;44.33639;66.93078
11.70;77.23730;0.10704;44.33762;66.93026
11.71;78.30770;0.10704;44.33804;66.93012
11.72;79.37820;0.10704;44.33762;66.93033
11.73;80.44860;0.10704;44.33676;66.93071
11.74;81.51910;0.10704;44.33673;66.93071
11.75;82.58950;0.10704;44.33705;66.93056
11.76;83.65990;0.10704;44.33765;66.93030
11.77;84.73040;0.10705;44.33758;66.93031
11.78;85.80080;0.10705;44.33726;66.93051
11.79;86.87130;0.10704;44.33688;66.93065
11.80;87.94170;0.10704;44.33702;66.93062
11.81;89.01220;0.10704;44.33727;66.93047
11.82;90.08260;0.10704;44.33752;66.93041
11.83;91.15300;0.10704;44.33736;66.93044
11.84;92.22350;0.10705;44.33717;66.93055
11.85;93.29390;0.10705;44.33704;66.93061
11.86;94.36440;0.10704;44.33716;66.93054
11.87;95.43480;0.10704;44.33734;66.93046
11.88;96.50520;0.10704;44.33735;66.93044
11.89;97.57570;0.10704;44.33729;66.93050
11.90;98.64620;0.10704;44.33716;66.93056
11.91;99.71660;0.10704;44.33716;66.93056
11.92;100.78700;0.10704;44.33723;66.93052
11.93;101.85750;0.10704;44.33730;66.93047
11.94;102.92790;0.10704;44.33732;66.93048
11.95;103.99840;0.10704;44.33725;66.93052
11.96;105.06880;0.10704;44.33718;66.93055
11.97;106.13920;0.10704;44.33719;66.93054
11.98;107.20970;0.10704;44.33725;66.93051
11.99;108.28010;0.10704;44.33730;66.93049
12.00;109.35060;0.10704;44.33729;66.93049
12.01;110.42100;0.10704;44.33724;66.93052
12.02;111.49150;0.10704;44.33720;66.93054
12.03;112.56190;0.10704;44.33721;66.93053
12.04;113.63230;0.10704;44.33725;66.93051
12.05;114.70280;0.10704;44.33729;66.93049
12.06;115.77320;0.10704;44.33728;66.93050
12.07;116.84370;0.10704;44.33724;66.93052
12.08;117.91410;0.10704;44.33721;66.93053
12.09;118.98460;0.10704;44.33722;66.93052
12.10;120.05500;0.10704;44.33725;66.93051
12.11;121.12540;0.10704;44.33727;66.93050
12.12;122.19590;0.10704;44.33726;66.93051
12.13;123.26630;0.10704;44.33724;66.93052
12.14;124.33680;0.10704;44.33722;66.93053
12.15;125.40720;0.10704;44.33724;66.93052
12.16;126.47770;0.10704;44.33725;66.93051
12.17;127.54810;0.10704;44.33726;66.93051
12.18;128.61860;0.10704;44.33726;66.93051
12.19;129.68900;0.10704;44.33724;66.93052
12.20;130.75940;0.10704;44.33723;66.93052
12.21;131.82990;0.10704;44.33723;66.93052
12.22;132.90030;0.10704;44.33724;66.93052
12.23;133.97080;0.10704;44.33726;66.93051
12.24;135.04120;0.10704;44.33726;66.93051
12.25;136.11170;0.10704;44.33725;66.93051
12.26;137.18210;0.10704;44.33724;66.93052
12.27;138.25250;0.10704;44.33723;66.93052
12.28;139.32300;0.10704;44.33723;66.93052
12.29;140.39340;0.10704;44.33725;66.93051
12.30;141.46390;0.10704;44.33726;66.93051
12.31;142.53430;0.10704;44.33726;66.93051
12.32;143.60470;0.10704;44.33725;66.93051
12.33;144.67520;0.10704;44.33724;66.93052
12.34;145.74560;0.10704;44.33724;66.93052
12.35;146.81610;0.10704;44.33724;66.93052
12.36;147.88650;0.10704;44.33725;66.93051
12.37;148.95690;0.10704;44.33725;66.93051
12.38;150.02740;0.10704;44.33725;66.93051
14.38;250.02740;0.00000;0.00000;0.00000